block
0000000000000
0000000000000
0000000000000
0000000000000
0000000000000
0000011000000
0000011000000
0000000000000
0000000000000
0000000000000
0000000000000
0000000000000
0000000000000

flasher
0000000000000
0000000000000
0000000000000
0000000000000
0000000000000
0000000000000
0000011100000
0000000000000
0000000000000
0000000000000
0000000000000
0000000000000
0000000000000

spinner
0000001100000
0000001100000
0000000000000
0000111100000
1101000010000
1101001010000
0001000110110
0001010010110
0000111100000
0000000000000
0000110000000
0000110000000
0000000000000

becon
0000000000000
0000000000000
0000000000000
0000000000000
0000110000000
0000110000000
0000001100000
0000001100000
0000000000000
0000000000000
0000000000000
0000000000000
0000000000000

clock
0000000000000
0000000000000
0000000000000
0000000000000
0000000000000
0000001000000
0000110000000
0000001100000
0000010000000
0000000000000
0000000000000
0000000000000
0000000000000

toad
0000000000000
0000000000000
0000000000000
0000000000000
0000000000000
0000000000000
0000011100000
0000111000000
0000000000000
0000000000000
0000000000000
0000000000000
0000000000000

eight
0000000000000
0000000000000
0001110000000
0001110000000
0001110000000
0000001110000
0000001110000
0000001110000
0000000000000
0000000000000
0000000000000
0000000000000
0000000000000

pulsar СР 48-56-72
0011100011100
0000000000000
1000010100001
1000010100001
1000010100001
0011100011100
0000000000000
0011100011100
1000100100001
1000100100001
1000100100001
0000000000000
0011100011100

hive
0000000000000
0000000000000
0000000000000
0000000000000
0000001000000
0000010100000
0000010100000
0000001000000
0000000000000
0000000000000
0000000000000
0000000000000
0000000000000

loaf
0000000000000
0000000000000
0000000000000
0000011000000
0000100100000
0000010100000
0000001000000
0000000000000
0000000000000
0000000000000
0000000000000
0000000000000
0000000000000

pond
0000000000000
0000000000000
0000000000000
0000011000000
0000100100000
000010010000
0000011000000
0000000000000
0000000000000
0000000000000
0000000000000
0000000000000
0000000000000

box
0000000000000
0000000000000
0000000000000
0000000000000
0000010000000
000010100000
0000010000000
0000000000000
0000000000000
0000000000000
0000000000000
0000000000000
0000000000000

snake
0000000000000
0000000000000
0000000000000
0000000000000
0000101100000
0000110100000
0000000000000
0000000000000
0000000000000
0000000000000
0000000000000
0000000000000
0000000000000

barge
0000000000000
0000000000000
0000000000000
0000100000000
0001010000000
0000101000000
0000010000000
0000000000000
0000000000000
0000000000000
0000000000000
0000000000000
0000000000000

boat
0000000000000
0000000000000
0000000000000
0000000000000
0000010000000
0000101000000
0000011000000
0000000000000
0000000000000
0000000000000
0000000000000
0000000000000
0000000000000

ship
0000000000000
0000000000000
0000000000000
0000000000000
0000110000000
0000101000000
0000011000000
0000000000000
0000000000000
0000000000000
0000000000000
0000000000000
0000000000000

long barge
0000000000000
0000000000000
0000000000000
0000100000000
0001010000000
0000101000000
0000010100000
0000001000000
0000000000000
0000000000000
0000000000000
0000000000000
0000000000000

boat
0000000000000
0000000000000
0000000000000
0000000000000
0000010000000
0000101000000
0000010100000
0000001100000
0000000000000
0000000000000
0000000000000
0000000000000
0000000000000

long ship
0000000000000
0000000000000
0000000000000
0000000000000
0000110000000
0000101000000
0000010100000
0000001100000
0000000000000
0000000000000
0000000000000
0000000000000
0000000000000

glider
0000000000000
0000000000000
0000000000000
0000010000000
0000001000000
0000111000000
0000000000000
0000000000000
0000000000000
0000000000000
0000000000000
0000000000000
0000000000000

spaceship
0000000000000
0000000000000
000001000000
0000000100000
0001000100000
0000111100000
0000000000000
0000000000000
0000000000000
0000000000000
0000000000000
0000000000000
0000000000000